6100
5388
7461
6950
9044
9586
179
10028
5914
639
7014
573
6246
10429
3647
9692
9084
5323
3769
10122
9608
10118
9567
266
8531
690
99
2635
9856
5463
98
6422
10956
3397
6806
2366
7408
5074
10419
3416
3235
10294
6166
3817
8004
6449
5457
6762
1988
3715
5352
5157
463
9836
5596
10260
5665
8236
9388
1181
4050
1648
8411
3886
7124
3935
1582
1136
336
4866
75
6786
1028
3931
6461
702
10198
1547
1726
9071
3075
6450
918
10246
4852
3294
8598
645
2304
4683
10044
8494
10389
9254
2791
9252
618
1672
1776
5428
8820
3014
9566
743
3328
10248
10182
10157
10154
8752
5153
10098
8223
4790
10477
5468
5482
1750
8750
9922
3646
6689
7198
9956
4355
1969
1335
1365
8297
1308
4845
2478
7469
3692
10095
3354
5249
4860
4286
2942
2290
1707
5703
8270
9187
10052
3025
9209
9272
6418
1559
8647
2338
1924
9823
2919
2048
579
8137
3816
2370
848
9412
11067
6551
9476
1309
9673
1225
10826
4573
3296
9439
3221
261
10851
4813
1182
8954
9035
4403
950
5484
2888
10716
4495
6763
558
4881
5008
4983
8007
1721
2474
2386
621
892
1968
6492
9824
6254
10089
1163
9746
10800
6291
9559
4817
4530
8760
1723
4780
3849
4155
11022
1804
10472
9280
486
10425
5071
7240
9085
1825
3074
3480
9832
2326
4200
9434
10896
2897
3049
9400
3071
9380
4529
8857
9793
6416
5547
2728
10033
6139
3530
8128
4040
10156
5430
9448
356
8753
3958
9860
348
4026
8634
367
9526
8723
10696
693
8720
2970
3316
6259
3450
5912
3686
2660
2878
2035
7049
6199
2369
2992
2574
8477
4358
4170
4062
9846
10125
6865
10978
6884
10817
755
5393
10317
10183
8041
1277
6369
3464
2473
2944
3687
1802
7175
746
3576
3044
76
3763
6329
5753
5832
7417
397
9838
5287
199
2819
10097
1654
5536
5245
5438
387
10068
3826
9258
3695
8674
2497
2243
5122
1540
549
1435
9189
8635
6448
6899
5476
7038
3773
7100
2761
10698
5509
202
1189
1069
1406
10090
3532
1640
5973
9999
8410
6052
10572
1955
7416
1872
1962
229
1325
623
6971
855
4849
9885
2712
459
9548
526
5064
7488
10162
1375
1692
641
10364
7197
6486
7249
10755
5189
2796
10548
1166
6260
2991
5321
5160
1348
5986
8312
7196
8536
10124
1333
7042
7431
10390
9425
466
2142
1290
2971
9179
1906
9242
9845
5641
2149
9512
2790
3843
665
6527
8362
1133
9246
5460
6214
9344
113
533
1843
2368
4434
8080
2043
10428
6580
3427
3772
4634
909
8904
5546
9939
1344
4069
2367
6725
6654
7016
858
3469
3939
552
5554
5446
8219
5943
4356
8860
6919
9587
2818
6774
388
10859
10069
8398
1297
8864
8079
5548
3556
2100
644
8431
47
6409
5755
6395
2302
5164
8655
5413
10858
9787
335
10761
5134
136
4483
1751
8042
2716
8157
8403
528
7020
2834
9235
2789
4633
4804
3640
9175
9149
6459
4787
2404
1991
2442
2626
3236
890
1212
9393
2892
10029
5583
6209
10459
9143
1847
4606
8938
1055
6804
5613
1355
3531
6973
2685
6735
1336
8921
5586
9786
7119
3885
5781
2425
1576
10032
10338
6327
3188
7248
10287
2952
3353
527
1827
3418
886
3577
10562
1342
8816
9622
4081
1636
6289
1413
4655
847
3319
4250
2556
4175
1158
2286
10581
707
9963
9379
9869
8862
5754
6706
1783
2931
959
10435
5216
5576
5433
7231
5154
10286
9684
2062
2650
801
2868
2174
2867
2543
7013
4662
5387
5974
5294
3593
107
9221
8872
9995
4925
9458
4281
9034
4273
8711
8188
8721
3688
3592
8886
2050
9782
8191
3544
759
9825
6122
9389
6227
4285
9558
9871
2405
3825
7138
1176
8887
8880
5535
4865
2213
10819
4461
10126
6815
7134
7263
2296
6431
1177
1210
6900
8429
1190
3835
3204
104
9444
5445
9877
1580
54
3449
2634
10837
9962
9047
7507
8853
4987
10026
7355
5467
8526
10496
6221
10093
5115
477
8257
4835
1086
523
2387
6085
9781
10831
9382
1801
5791
4282
5348
9204
1784
2173
9715
8245
9256
7328
10194
8174
1337
7537
1053
2520
9503
1754
5506
10049
3415
53
7281
5427
4186
3828
9640
6863
5704
4278
414
6103
2912
9475
10640
2876
3190
4187
5945
1085
5072
6415
10399
3790
10025
9496
9814
3700
8923
415
10711
553
2591
3433
321
458
7210
10738
7489
3759
8741
2623
3840
9113
5930
10410
396
5383
10012
3295
6976
10261
8561
5299
748
7463
2820
1061
5385
5834
1122
10713
8749
6975
6474
674
10195
4946
6805
7025
4796
6354
1815
5084
3872
8922
3768
861
2044
9301
1316
2297
3833
173
8118
634
3310
10621
3684
4861
524
4926
1811
1641
5426
9988
749
10432
7220
452
8114
6213
10740
9674
1274
5070
8412
3766
4632
1996
581
10622
3732
338
1186
1923
297
6529
8863
3110
8419
195
8399
850
5403
4230
10117
10898
10620
3099
2754
2469
9438
10221
10239
4125
5691
1046
5874
10818
2287
8442
4531
10445
6458
2224
5069
6292
4237
6417
2717
10238
8116
833
2911
1036
757
7174
2225
1241
11064
6516
8535
106
557
9621
318
6394
2321
2966
2527
8974
109
8077
1162
224
5957
9115
8075
97
8851
859
9093
4612
2693
4818
10151
5377
2859
1420
10463
6105
2475
6542
317
4166
2388
5518
5788
3718
5709
2521
1187
10815
3394
3936
10191
3866
5545
5487
5649
1628
10383
1030
5371
9306
5485
10433
10391
9736
215
10611
1839
6875
10551
4636
3410
9905
5519
963
7066
1813
1191
9788
8432
3248
6731
3194
10563
6520
2461
8936
4243
7122
2941
3771
5565
5775
391
4717
295
5389
9318
10166
1684
1035
304
9225
429
7470
1905
689
3873
5233
1626
10231
5242
2422
5395
2236
3707
750
5875
7282
5650
10650
6491
10567
6724
845
4855
9248
9387
2247
10314
8960
10347
1032
6589
7160
9128
7085
6879
5076
7323
940
7414
8029
8492
10192
8713
536
4494
264
5655
9670
9022
1632
4294
1845
744
658
2907
7126
9945
1703
1293
5608
11049
8565
10494
2484
8902
1040
701
6368
9298
5060
7125
1368
738
417
1372
10475
9443
1834
5984
8337
3767
3968
2964
7147
4360
5295
10651
9504
7150
5390
6526
3738
3244
4156
6803
548
913
9849
735
706
8703
9335
10955
9404
7250
1399
5876
1904
6146
5626
2336
6156
1101
8082
10980
333
6487
6921
2148
108
2301
3791
704
2181
9092
4146
6185
10270
5685
3690
860
3067
8487
8316
10464
2250
9518
1561
3757
1840
10674
65
7471
369
4328
5114
4522
2046
4890
2692
9912
9392
3472
26
10210
1686
8320
10701
5627
9996
10003
10306
10497
1722
2303
8117
210
3352
4833
6945
4167
10056
9366
9691
8850
5394
10436
9233
8190
3822
9789
1383
3179
3834
102
10646
7462
4664
694
5900
8722
1343
4039
8712
8048
9722
4707
10491
1044
4242
631
4132
10469
9983
1119
4457
1054
2103
8081
6086
453
9361
2686
9283
9946
8400
5355
2528
209
2389
3780
8043
4795
4850
8177
1468
5310
9997
2909
5938
420
8506
4027
4832
2483
2627
10647
5642
5987
1382
7242
8846
4184
3094
2687
572
9430
4214
228
232
3301
10209
10004
1892
10007
48
4261
2575
3770
1685
2049
550
4354
1768
8209
8220
5475
10099
2552
10365
5434
10829
2460
5897
10411
10627
4944
1993
3668
3888
8331
8869
180
10027
1749
10011
5067
2004
4082
1930
5156
10737
635
3533
1332
9636
1185
6530
5232
10780
502
5756
5907
8493
7269
9879
4986
2977
646
8466
3207
1159
4574
5877
5975
3046
9693
1753
2858
1137
1877
7211
5705
1418
4834
10381
10813
9666
10881
9839
6732
435
8644
844
1593
9094
2300
1164
74
10102
389
230
5607
3957
9594
3329
6167
6251
1238
6460
2143
11012
2533
8474
1627
5304
3910
5976
3293
4357
6510
2545
6721
8332
846
8798
10080
10349
9259
3674
190
8100
8653
7369
5162
2119
1273
8601
8901
8661
6135
1207
1546
10135
554
465
395
4684
3546
114
8028
10569
518
6541
4326
8808
9234
6479
8899
3823
5429
1431
172
3333
8761
4134
3095
10771
7306
5774
8702
8098
2443
7188
7155
7050
10022
1699
298
6151
4499
10673
6078
1107
7039
6226
8945
4231
10434
7520
9516
10449
2345
5816
745
5908
1160
3529
10055
2549
1956
10316
8654
6988
5878
9705
1818
7121
11089
6290
1560
10196
2908
6508
9300
7055
7418
889
8182
910
3346
5155
5516
10340
2124
1992
2675
3361
648
9114
6817
8623
770
10123
1294
9637
7017
8562
6186
5523
5643
9129
2319
1011
35
2150
3717
1581
3681
1755
347
1652
3317
3727
1963
8092
10293
2218
2530
3884
2241
9513
6736
2542
8643
1291
1504
9847
5856
3659
1031
3347
7517
9247
1534
1690
7285
9595
1449
4003
951
2676
1918
8961
9368
10503
8515
10023
5447
2999
4004
9560
2753
3713
1803
2498
2694
832
413
4272
4686
337
6687
