2
3
26
27
34
35
38
43
47
48
53
54
56
65
68
69
73
74
75
76
90
97
98
99
102
103
104
105
106
107
108
109
112
113
114
115
124
125
136
172
173
174
179
180
183
190
195
199
202
209
210
215
216
224
228
229
230
231
232
234
235
236
252
253
260
261
264
265
266
270
292
294
295
297
298
302
304
316
317
318
321
325
332
333
334
335
336
337
338
344
347
348
356
367
369
387
388
389
390
391
394
395
396
397
406
407
413
414
415
416
417
420
429
432
434
435
440
452
453
458
459
463
464
465
466
477
483
486
493
501
502
516
518
523
524
525
526
527
528
533
536
545
548
549
550
551
552
553
554
556
557
558
568
572
573
576
579
580
581
590
618
621
623
631
634
635
636
639
640
641
642
644
645
646
648
649
658
661
662
663
665
669
674
682
683
689
690
693
694
700
701
702
704
705
706
707
718
719
735
736
738
739
742
743
744
745
746
748
749
750
755
757
759
760
770
771
789
801
802
810
811
832
833
834
844
845
846
847
848
849
850
854
855
858
859
860
861
862
867
885
886
887
888
889
890
891
892
909
910
913
917
918
926
929
930
940
941
944
946
947
950
951
959
960
962
963
966
1011
1017
1028
1030
1031
1032
1035
1036
1039
1040
1044
1045
1046
1051
1053
1054
1055
1061
1068
1069
1077
1085
1086
1101
1106
1107
1108
1118
1119
1122
1123
1133
1136
1137
1138
1144
1146
1152
1153
1157
1158
1159
1160
1161
1162
1163
1164
1166
1176
1177
1181
1182
1185
1186
1187
1188
1189
1190
1191
1196
1206
1207
1210
1211
1212
1225
1226
1237
1238
1241
1251
1258
1273
1274
1277
1290
1291
1292
1293
1294
1295
1296
1297
1306
1308
1309
1310
1316
1325
1326
1327
1331
1332
1333
1334
1335
1336
1337
1338
1341
1342
1343
1344
1345
1348
1349
1355
1365
1368
1372
1375
1382
1383
1386
1397
1399
1401
1406
1407
1413
1418
1420
1421
1422
1431
1435
1449
1467
1468
1469
1473
1490
1504
1507
1508
1509
1510
1529
1534
1540
1546
1547
1549
1550
1559
1560
1561
1564
1565
1576
1577
1580
1581
1582
1583
1592
1593
1600
1616
1624
1625
1626
1627
1628
1632
1633
1636
1640
1641
1648
1652
1653
1654
1672
1684
1685
1686
1688
1690
1691
1692
1699
1700
1701
1702
1703
1704
1705
1707
1708
1709
1717
1720
1721
1722
1723
1726
1749
1750
1751
1753
1754
1755
1768
1769
1770
1776
1783
1784
1790
1801
1802
1803
1804
1811
1813
1814
1815
1818
1825
1827
1834
1836
1837
1839
1840
1843
1844
1845
1846
1847
1859
1864
1872
1876
1877
1892
1904
1905
1906
1918
1923
1924
1929
1930
1942
1954
1955
1956
1962
1963
1967
1968
1969
1988
1991
1992
1993
1996
2004
2035
2039
2043
2044
2046
2048
2049
2050
2051
2062
2099
2100
2102
2103
2107
2108
2109
2110
2118
2119
2124
2142
2143
2144
2148
2149
2150
2151
2154
2155
2165
2173
2174
2180
2181
2182
2183
2191
2213
2217
2218
2219
2224
2225
2236
2238
2241
2242
2243
2247
2250
2263
2277
2280
2286
2287
2290
2296
2297
2300
2301
2302
2303
2304
2315
2319
2321
2326
2336
2337
2338
2341
2345
2351
2365
2366
2367
2368
2369
2370
2377
2378
2382
2383
2386
2387
2388
2389
2390
2399
2400
2401
2403
2404
2405
2406
2421
2422
2425
2441
2442
2443
2459
2460
2461
2469
2472
2473
2474
2475
2477
2478
2483
2484
2493
2494
2497
2498
2513
2520
2521
2526
2527
2528
2530
2531
2532
2533
2542
2543
2544
2545
2549
2552
2553
2556
2557
2565
2574
2575
2591
2623
2626
2627
2634
2635
2643
2650
2656
2660
2674
2675
2676
2685
2686
2687
2691
2692
2693
2694
2704
2712
2716
2717
2728
2752
2753
2754
2761
2762
2772
2784
2789
2790
2791
2792
2793
2796
2797
2818
2819
2820
2834
2858
2859
2864
2865
2867
2868
2869
2876
2877
2878
2881
2888
2892
2895
2897
2905
2906
2907
2908
2909
2910
2911
2912
2918
2919
2930
2931
2932
2939
2941
2942
2943
2944
2946
2952
2964
2966
2969
2970
2971
2976
2977
2991
2992
2993
2999
3014
3021
3022
3024
3025
3026
3039
3040
3041
3044
3046
3049
3065
3066
3067
3071
3074
3075
3078
3094
3095
3099
3110
3116
3118
3121
3129
3130
3164
3178
3179
3188
3189
3190
3194
3204
3207
3218
3221
3225
3233
3234
3235
3236
3244
3245
3246
3247
3248
3249
3293
3294
3295
3296
3300
3301
3310
3314
3316
3317
3318
3319
3323
3328
3329
3333
3346
3347
3352
3353
3354
3361
3394
3395
3397
3410
3411
3412
3415
3416
3418
3419
3427
3433
3434
3449
3450
3464
3468
3469
3472
3480
3481
3490
3521
3522
3529
3530
3531
3532
3533
3544
3546
3552
3555
3556
3575
3576
3577
3578
3591
3592
3593
3596
3634
3640
3643
3646
3647
3658
3659
3661
3666
3668
3674
3680
3681
3682
3684
3686
3687
3688
3690
3692
3695
3698
3700
3704
3707
3712
3713
3715
3717
3718
3719
3720
3724
3726
3727
3732
3738
3741
3742
3749
3757
3758
3759
3760
3763
3766
3767
3768
3769
3770
3771
3772
3773
3774
3780
3781
3789
3790
3791
3793
3794
3808
3816
3817
3822
3823
3825
3826
3827
3828
3833
3834
3835
3838
3840
3843
3849
3855
3866
3872
3873
3878
3879
3880
3884
3885
3886
3887
3888
3902
3910
3911
3918
3931
3932
3935
3936
3939
3956
3957
3958
3962
3968
3975
4003
4004
4005
4026
4027
4038
4039
4040
4045
4050
4060
4061
4062
4063
4069
4081
4082
4083
4113
4115
4125
4131
4132
4133
4134
4146
4155
4156
4166
4167
4170
4175
4180
4184
4186
4187
4200
4208
4214
4230
4231
4235
4237
4238
4241
4242
4243
4250
4261
4272
4273
4278
4281
4282
4285
4286
4294
4326
4327
4328
4354
4355
4356
4357
4358
4360
4368
4371
4403
4419
4434
4457
4461
4466
4479
4483
4484
4485
4494
4495
4499
4504
4511
4520
4521
4522
4525
4526
4527
4529
4530
4531
4551
4559
4560
4573
4574
4575
4576
4606
4607
4611
4612
4632
4633
4634
4636
4653
4655
4662
4663
4664
4681
4682
4683
4684
4686
4707
4708
4717
4720
4737
4775
4780
4787
4790
4791
4795
4796
4804
4812
4813
4817
4818
4820
4831
4832
4833
4834
4835
4844
4845
4849
4850
4851
4852
4855
4860
4861
4865
4866
4869
4881
4890
4925
4926
4944
4945
4946
4964
4978
4983
4986
4987
5008
5018
5019
5060
5063
5064
5067
5068
5069
5070
5071
5072
5074
5075
5076
5084
5085
5098
5101
5113
5114
5115
5122
5126
5133
5134
5135
5136
5153
5154
5155
5156
5157
5160
5161
5162
5163
5164
5189
5197
5209
5216
5232
5233
5242
5243
5244
5245
5246
5247
5248
5249
5250
5278
5287
5288
5294
5295
5296
5299
5302
5304
5310
5321
5322
5323
5348
5352
5355
5363
5371
5377
5381
5383
5384
5385
5386
5387
5388
5389
5390
5391
5392
5393
5394
5395
5403
5413
5414
5420
5426
5427
5428
5429
5430
5433
5434
5438
5445
5446
5447
5455
5456
5457
5458
5459
5460
5463
5466
5467
5468
5475
5476
5480
5482
5484
5485
5487
5506
5507
5508
5509
5515
5516
5517
5518
5519
5523
5535
5536
5544
5545
5546
5547
5548
5554
5555
5556
5565
5576
5577
5583
5586
5596
5607
5608
5613
5625
5626
5627
5641
5642
5643
5649
5650
5655
5665
5667
5674
5685
5686
5687
5691
5692
5693
5694
5695
5699
5701
5702
5703
5704
5705
5709
5720
5724
5753
5754
5755
5756
5774
5775
5781
5787
5788
5791
5792
5816
5818
5819
5832
5833
5834
5856
5858
5859
5873
5874
5875
5876
5877
5878
5897
5898
5899
5900
5901
5905
5906
5907
5908
5910
5911
5912
5914
5915
5930
5932
5938
5943
5945
5957
5973
5974
5975
5976
5984
5986
5987
6002
6024
6025
6028
6046
6047
6048
6051
6052
6060
6078
6085
6086
6100
6103
6105
6122
6134
6135
6139
6144
6145
6146
6151
6152
6156
6166
6167
6171
6185
6186
6187
6190
6199
6209
6210
6213
6214
6221
6226
6227
6246
6251
6254
6259
6260
6289
6290
6291
6292
6293
6315
6327
6329
6340
6352
6354
6368
6369
6394
6395
6406
6409
6415
6416
6417
6418
6422
6431
6446
6447
6448
6449
6450
6458
6459
6460
6461
6464
6474
6477
6479
6486
6487
6491
6492
6508
6510
6514
6516
6519
6520
6524
6526
6527
6529
6530
6541
6542
6551
6552
6580
6582
6589
6592
6608
6630
6654
6655
6670
6679
6683
6687
6688
6689
6706
6715
6721
6723
6724
6725
6728
6729
6731
6732
6733
6734
6735
6736
6762
6763
6768
6772
6774
6786
6803
6804
6805
6806
6815
6816
6817
6862
6863
6865
6875
6878
6879
6883
6884
6899
6900
6904
6916
6918
6919
6921
6922
6926
6945
6946
6950
6957
6970
6971
6973
6974
6975
6976
6986
6987
6988
7013
7014
7015
7016
7017
7020
7025
7027
7028
7038
7039
7042
7048
7049
7050
7055
7058
7059
7065
7066
7084
7085
7097
7100
7102
7118
7119
7120
7121
7122
7124
7125
7126
7134
7135
7138
7146
7147
7150
7155
7156
7159
7160
7174
7175
7185
7186
7188
7196
7197
7198
7210
7211
7212
7220
7228
7231
7232
7240
7242
7248
7249
7250
7251
7263
7269
7281
7282
7285
7286
7288
7294
7295
7302
7305
7306
7322
7323
7328
7355
7369
7370
7383
7402
7408
7411
7414
7416
7417
7418
7431
7432
7449
7461
7462
7463
7467
7469
7470
7471
7488
7489
7495
7507
7517
7520
7537
8004
8007
8008
8018
8028
8029
8040
8041
8042
8043
8048
8065
8075
8077
8079
8080
8081
8082
8083
8085
8092
8095
8098
8100
8102
8103
8114
8116
8117
8118
8128
8137
8144
8157
8174
8176
8177
8182
8188
8190
8191
8208
8209
8219
8220
8221
8222
8223
8236
8245
8257
8258
8270
8271
8272
8289
8295
8297
8298
8307
8308
8309
8312
8316
8317
8320
8331
8332
8333
8337
8361
8362
8382
8383
8398
8399
8400
8403
8404
8410
8411
8412
8413
8417
8419
8420
8429
8431
8432
8442
8458
8464
8466
8474
8476
8477
8487
8491
8492
8493
8494
8506
8515
8526
8531
8535
8536
8559
8560
8561
8562
8565
8566
8598
8601
8602
8606
8607
8622
8623
8634
8635
8642
8643
8644
8647
8653
8654
8655
8657
8661
8662
8673
8674
8676
8696
8702
8703
8708
8711
8712
8713
8720
8721
8722
8723
8736
8737
8741
8742
8749
8750
8751
8752
8753
8760
8761
8784
8798
8808
8815
8816
8818
8819
8820
8822
8846
8849
8850
8851
8853
8854
8857
8860
8861
8862
8863
8864
8869
8871
8872
8877
8878
8879
8880
8881
8882
8886
8887
8899
8900
8901
8902
8903
8904
8905
8917
8921
8922
8923
8936
8938
8943
8945
8954
8956
8957
8960
8961
8962
8973
8974
9021
9022
9034
9035
9042
9043
9044
9047
9071
9083
9084
9085
9092
9093
9094
9113
9114
9115
9128
9129
9135
9143
9149
9150
9172
9175
9177
9178
9179
9187
9188
9189
9202
9204
9206
9208
9209
9221
9225
9226
9233
9234
9235
9242
9246
9247
9248
9252
9254
9256
9258
9259
9260
9272
9280
9281
9282
9283
9298
9300
9301
9302
9306
9318
9322
9326
9328
9329
9330
9331
9332
9335
9344
9352
9361
9362
9365
9366
9367
9368
9379
9380
9382
9387
9388
9389
9392
9393
9398
9400
9403
9404
9410
9411
9412
9425
9430
9431
9433
9434
9435
9436
9437
9438
9439
9440
9443
9444
9446
9447
9448
9454
9457
9458
9459
9460
9470
9475
9476
9491
9492
9496
9502
9503
9504
9512
9513
9514
9515
9516
9517
9518
9519
9522
9523
9526
9533
9536
9541
9546
9548
9555
9558
9559
9560
9566
9567
9577
9580
9586
9587
9593
9594
9595
9608
9621
9622
9627
9630
9631
9636
9637
9639
9640
9655
9659
9661
9666
9670
9671
9673
9674
9684
9691
9692
9693
9703
9704
9705
9715
9717
9722
9736
9738
9745
9746
9776
9777
9781
9782
9786
9787
9788
9789
9793
9797
9814
9815
9823
9824
9825
9832
9836
9838
9839
9840
9845
9846
9847
9849
9855
9856
9859
9860
9861
9869
9870
9871
9877
9878
9879
9880
9883
9885
9887
9895
9896
9899
9905
9911
9912
9922
9925
9931
9932
9939
9945
9946
9947
9956
9961
9962
9963
9966
9983
9984
9985
9988
9995
9996
9997
9999
10002
10003
10004
10007
10008
10011
10012
10022
10023
10024
10025
10026
10027
10028
10029
10032
10033
10034
10044
10049
10050
10051
10052
10055
10056
10067
10068
10069
10071
10080
10086
10088
10089
10090
10093
10095
10096
10097
10098
10099
10102
10109
10117
10118
10122
10123
10124
10125
10126
10134
10135
10136
10150
10151
10154
10155
10156
10157
10162
10165
10166
10173
10182
10183
10191
10192
10193
10194
10195
10196
10198
10209
10210
10220
10221
10223
10229
10231
10237
10238
10239
10246
10247
10248
10258
10259
10260
10261
10270
10286
10287
10288
10293
10294
10306
10312
10313
10314
10316
10317
10324
10325
10328
10338
10340
10343
10347
10349
10364
10365
10379
10380
10381
10383
10389
10390
10391
10399
10407
10409
10410
10411
10418
10419
10420
10425
10428
10429
10430
10432
10433
10434
10435
10436
10441
10444
10445
10449
10459
10460
10461
10463
10464
10465
10466
10469
10472
10475
10477
10487
10490
10491
10494
10495
10496
10497
10502
10503
10504
10505
10516
10519
10520
10522
10529
10530
10531
10544
10548
10551
10562
10563
10564
10565
10567
10569
10570
10572
10573
10575
10581
10591
10603
10604
10610
10611
10612
10613
10617
10619
10620
10621
10622
10624
10627
10632
10634
10640
10646
10647
10650
10651
10653
10654
10655
10666
10668
10673
10674
10682
10685
10690
10691
10696
10697
10698
10701
10707
10708
10711
10712
10713
10714
10715
10716
10737
10738
10740
10745
10755
10761
10762
10763
10770
10771
10775
10779
10780
10800
10813
10815
10816
10817
10818
10819
10820
10826
10828
10829
10830
10831
10837
10841
10851
10853
10854
10858
10859
10878
10880
10881
10882
10887
10888
10889
10896
10898
10942
10943
10945
10954
10955
10956
10964
10978
10979
10980
10991
11001
11012
11022
11049
11050
11061
11064
11066
11067
11087
11089
