1291
4717
2549
1626
3717
10449
1803
10248
7197
8741
2542
635
10755
10025
5388
6146
9560
1627
9448
5390
11089
10246
5897
4004
1755
8191
318
1547
6900
5523
8116
2243
11012
3071
10428
9996
846
8904
3576
5074
3888
3695
9035
7520
7517
4134
959
7248
10491
5447
9412
5242
2004
2484
9380
9885
215
435
396
3659
1804
8223
3179
2753
6450
5649
108
1191
9518
10740
5245
7355
4156
10004
9400
5323
4261
347
3817
8561
317
10055
2301
11049
1160
9318
10800
10640
5816
1035
3046
1040
3014
2931
10023
2035
7174
5157
6805
9439
53
7020
230
10052
9879
4849
1290
3244
10817
9995
5627
2302
745
3732
523
10497
5460
1163
2941
9114
7155
1640
10049
10365
950
2174
7471
4832
7150
10099
10469
10027
3592
554
4855
1582
369
458
415
4231
9300
5071
7418
4655
10122
10813
6806
9836
1053
2912
5943
4983
8431
9636
6227
8098
9621
7249
10123
4184
10095
1297
1845
1185
5134
3757
5008
2907
5487
2819
2404
5586
5114
5914
10154
10646
1993
1707
1648
10056
1825
2521
107
5878
1641
634
5389
10896
8752
9093
645
9258
10464
2908
8902
4834
6875
338
4684
10819
2971
8114
466
10738
5546
1776
6458
2142
2790
173
9608
3450
10287
11022
9149
4495
463
1136
5446
4040
7537
7014
6199
1815
6448
1991
3759
1996
336
3763
5445
552
5383
5554
2834
5064
5294
2888
3397
5665
10978
5482
890
5834
9235
8118
4817
6260
8312
1754
452
5986
9382
6254
6292
1872
7038
1801
8080
10125
3931
10956
8219
9673
54
621
8531
10124
10044
8236
1308
9781
9221
8887
6085
10761
4946
5069
10117
6527
8954
4285
10026
8079
5548
6735
9084
674
6763
2970
9860
5703
3532
2944
1540
623
5385
321
9444
8137
7066
10410
5084
6409
9670
9786
579
4273
8257
2148
6731
3816
4925
6803
6589
10069
8816
1241
6103
136
9622
1046
1177
2574
1189
7328
9674
2425
9280
6474
414
8432
10477
4186
7126
10858
2791
8753
10818
2247
1158
6418
9512
6156
6289
801
3099
9254
4281
6431
6368
8410
1923
10859
3958
3843
388
548
3410
10097
5295
5957
2473
1672
10562
8720
2634
1190
1559
4606
199
1309
9113
264
9823
7470
7240
8082
6815
9787
9387
528
2685
8713
8647
417
1751
109
6529
8403
10581
8711
8921
2878
9496
3640
8535
5576
1055
2859
10089
1061
750
6526
8412
4242
9242
391
1843
10033
3469
9825
6369
918
1399
6213
2897
6884
8923
4634
4890
10314
3886
8655
1580
6415
76
5233
2469
8297
5438
2966
4790
9559
9204
10183
10260
8853
4683
7147
9175
7119
4286
1210
1166
5938
47
1182
9586
5641
2369
9962
5154
9793
4483
9388
26
10166
5608
6516
7100
229
693
295
3833
1905
2046
3593
3049
9691
10696
3427
1186
9692
5476
3025
6762
8722
1277
7282
9548
102
6486
2478
2919
75
631
9248
6416
4167
2181
2461
2389
1342
4573
7462
759
3647
9044
6724
858
6354
10192
10713
7016
9983
180
9252
8974
1375
8846
3646
2627
549
8004
5299
5355
5216
4200
8220
10621
7025
9458
909
9259
190
7122
4852
3674
3738
892
1768
8429
5468
704
1962
3319
9283
10209
10007
9361
2474
1159
8506
886
644
5930
10286
9034
10611
4457
5655
6551
10317
1406
4865
5072
4355
9856
2250
9945
10381
4531
348
5430
6251
2527
6461
7160
6291
7414
1561
10837
4636
5249
524
9128
2728
4796
9788
9379
10231
1802
1225
735
1723
9476
9094
8332
5975
5912
8601
9335
2483
4081
3207
3834
533
1827
6786
3840
1238
3067
3310
3236
4069
5467
860
9179
8075
3828
1892
9187
1839
1654
8922
8492
2173
10815
1028
6460
7263
5232
9085
10851
4360
5060
10135
1877
9736
4574
4818
10567
2224
8653
8721
1333
641
9869
3533
6654
2050
10980
3204
6459
8863
333
4461
10194
8565
4861
5788
486
9115
3687
10494
9504
1811
10191
5565
10157
4986
8487
8869
7250
1418
1293
1750
7408
6395
963
5164
8209
10433
689
9233
1355
2460
701
3353
10102
3464
6052
1930
5945
1368
10432
5613
3885
5973
1420
10435
573
7463
6976
4866
9684
1344
9693
10028
8820
48
2119
7220
10737
3075
2818
2241
536
10429
7188
4881
4294
10780
3688
2650
10436
6329
10068
3556
6100
8157
7121
9587
2213
6487
3873
1335
6541
2675
9999
2475
10080
5876
9366
7369
2124
7050
9832
5395
572
8712
10434
5429
99
10551
10716
6542
10569
5753
7489
2143
9715
10221
8320
5877
8048
8661
6105
1685
9434
3577
9234
8190
5122
5484
106
1749
1176
2319
5900
8029
3110
3546
5485
2287
1207
6394
3529
6508
9392
2443
8128
335
910
224
2326
7306
9047
2149
10563
4125
2687
7138
4250
8331
3293
3352
9997
2297
10572
395
7017
2321
10156
6973
9272
844
5856
7039
9849
5426
5352
3328
1783
9513
6721
10294
3684
9595
4522
10829
6804
210
1504
3768
2575
5070
4403
690
4050
2530
1721
1031
3296
5348
10003
8938
10238
6221
10196
3773
1435
3767
3316
266
2552
3707
6185
9963
1337
4835
5519
8880
2717
2103
10151
7507
8474
1365
2686
5791
3544
7231
8399
3690
8635
5153
4633
847
3968
502
9594
8092
10022
553
4354
1294
1011
3884
6167
4146
9247
3770
2754
10647
1107
8493
3361
5394
9946
10391
6736
2345
9640
3329
1431
5756
6988
4237
8043
1684
2048
1690
6921
4175
6689
8337
8702
3333
6687
5475
2498
9209
5545
8654
4813
10399
5516
8643
1581
648
7085
10411
8901
1969
10162
10349
3910
5774
5160
11067
10210
5908
1956
3394
6975
10198
3957
1274
2062
1699
1992
10425
8442
1847
748
6732
7461
9722
4187
9143
4707
2150
8945
9344
10673
8362
9246
2626
8598
2296
744
850
1726
9871
7323
4272
6879
3301
1652
7488
3872
2867
10270
10898
2545
1164
2304
8851
2218
3354
2367
9225
413
5434
8798
3692
114
1968
8623
7125
3780
2676
337
832
4780
9746
749
8808
